2001
2002
2003
2004
2005
2006
2007
2008
2009
2099
5101
5102
5103
5104
5105
5106
5107
5108
5109
5110
5111
5112
5113
5199
2201
2202
2203
2204
2205
2207
2299
2501
2502
2503
2504
2505
2506
2507
2509
2510
2589
2599
2901
2902
2903
2904
2905
2906
2999
2701
2702
2703
2704
2705
2799
2101
2102
2103
2104
2105
2199
2601
2602
2603
2607
2699
2605
2604
2608
2301
2302
2303
2308
2311
2307
2305
2304
2407
2306
2309
2310
2312
2313
2314
2315
2316
2410
2401
2402
2403
2404
2405
2408
2412
2499
1201
1202
1203
1204
1205
1206
1207
1208
1209
1210
1211
1299
2801
2802
2803
2804
2805
2899