3501
3502
3503
3504
3505
3510
3511
3512
3513
3520
3521
3522
3523
3530
3531
3532
3533
3540
3541
3542
3543
3560
3561
3562
3563
3564
3570
3571
3572
3573
3580
3581
3582
3583
3599
3550
3901
3902
3904
3905
3907
3915
3916
3918
3920
3921
3908
3909
3910
3911
3912
3913
3914
3919
3700
3701
3702
3703
3704
3705
3706
3799
4003
4004
4001
4002
4006
4099
5201
5202
5203
5204
5205
5206
5207
5208
5209
5210
5211
5212
5213
5214
5299
5310
5311
5399
5403
5404
3801
3802
3803
3806
3807
3808
3899
4101
4102
4103
4104
4199
3611
5707